0,1,2,3,4,5,6,7,8,9,10,11,12,13,14,15,16,17,18,19,1,1.4142135623731,2.23606797749979,3.16227766016838,4.12310562561766,5.09901951359278,6.08276253029822,7.07106781186548,8.06225774829855,9.05538513813742,10.0498756211209,11.0453610171873,12.0415945787923,13.0384048104053,14.0356688476182,15.0332963783729,16.0312195418814,17.0293863659264,18.0277563773199,19.0262975904404,2,2.23606797749979,2.82842712474619,3.60555127546399,4.47213595499958,5.3851648071345,6.32455532033676,7.28010988928052,8.24621125123532,9.21954445729289,10.1980390271856,11.1803398874989,12.1655250605964,13.1529464379659,14.142135623731,15.1327459504216,16.1245154965971,17.1172427686237,18.1107702762748,19.1049731745428,3,3.16227766016838,3.60555127546399,4.24264068711928,5,5.8309518948453,6.70820393249937,7.61577310586391,8.54400374531753,9.48683298050514,10.4403065089106,11.4017542509914,12.369316876853,13.3416640641263,14.3178210632764,15.2970585407784,16.2788205960997,17.2626765016321,18.2482875908947,19.2353840616713,4,4.12310562561766,4.47213595499958,5,5.65685424949238,6.40312423743285,7.21110255092798,8.06225774829855,8.94427190999916,9.8488578017961,10.770329614269,11.7046999107196,12.6491106406735,13.6014705087354,14.560219778561,15.52417469626,16.4924225024706,17.464249196573,18.4390889145858,19.4164878389476,5,5.09901951359278,5.3851648071345,5.8309518948453,6.40312423743285,7.07106781186548,7.81024967590665,8.60232526704263,9.4339811320566,10.295630140987,11.1803398874989,12.0830459735946,13,13.9283882771841,14.8660687473185,15.8113883008419,16.7630546142402,17.7200451466693,18.6815416922694,19.6468827043885,6,6.08276253029822,6.32455532033676,6.70820393249937,7.21110255092798,7.81024967590665,8.48528137423857,9.21954445729289,10,10.816653826392,11.6619037896906,12.5299640861417,13.4164078649987,14.3178210632764,15.2315462117278,16.1554944214035,17.0880074906351,18.0277563773199,18.9736659610103,19.9248588451713,7,7.07106781186548,7.28010988928052,7.61577310586391,8.06225774829855,8.60232526704263,9.21954445729289,9.89949493661167,10.6301458127346,11.4017542509914,12.2065556157337,13.0384048104053,13.8924439894498,14.7648230602334,15.6524758424985,16.5529453572468,17.464249196573,18.3847763108502,19.313207915828,20.2484567313166,8,8.06225774829855,8.24621125123532,8.54400374531753,8.94427190999916,9.4339811320566,10,10.6301458127346,11.3137084989848,12.0415945787923,12.8062484748657,13.6014705087354,14.422205101856,15.2643375224737,16.1245154965971,17,17.8885438199983,18.7882942280559,19.6977156035922,20.6155281280883,9,9.05538513813742,9.21954445729289,9.48683298050514,9.8488578017961,10.295630140987,10.816653826392,11.4017542509914,12.0415945787923,12.7279220613579,13.4536240470737,14.2126704035519,15,15.8113883008419,16.6433169770932,17.4928556845359,18.3575597506858,19.2353840616713,20.1246117974981,21.0237960416286,10,10.0498756211209,10.1980390271856,10.4403065089106,10.770329614269,11.1803398874989,11.6619037896906,12.2065556157337,12.8062484748657,13.4536240470737,14.142135623731,14.8660687473185,15.6204993518133,16.4012194668567,17.2046505340853,18.0277563773199,18.8679622641132,19.723082923316,20.591260281974,21.4709105535839,11,11.0453610171873,11.1803398874989,11.4017542509914,11.7046999107196,12.0830459735946,12.5299640861417,13.0384048104053,13.6014705087354,14.2126704035519,14.8660687473185,15.556349186104,16.2788205960997,17.0293863659264,17.8044938147649,18.6010752377383,19.4164878389476,20.2484567313166,21.095023109729,21.9544984001001,12,12.0415945787923,12.1655250605964,12.369316876853,12.6491106406735,13,13.4164078649987,13.8924439894498,14.422205101856,15,15.6204993518133,16.2788205960997,16.9705627484771,17.6918060129541,18.4390889145858,19.2093727122985,20,20.8086520466848,21.6333076527839,22.4722050542442,13,13.0384048104053,13.1529464379659,13.3416640641263,13.6014705087354,13.9283882771841,14.3178210632764,14.7648230602334,15.2643375224737,15.8113883008419,16.4012194668567,17.0293863659264,17.6918060129541,18.3847763108502,19.1049731745428,19.8494332412792,20.6155281280883,21.4009345590327,22.2036033111745,23.0217288664427,14,14.0356688476182,14.142135623731,14.3178210632764,14.560219778561,14.8660687473185,15.2315462117278,15.6524758424985,16.1245154965971,16.6433169770932,17.2046505340853,17.8044938147649,18.4390889145858,19.1049731745428,19.7989898732233,20.5182845286832,21.2602916254693,22.0227155455452,22.8035085019828,23.6008474424119,15,15.0332963783729,15.1327459504216,15.2970585407784,15.52417469626,15.8113883008419,16.1554944214035,16.5529453572468,17,17.4928556845359,18.0277563773199,18.6010752377383,19.2093727122985,19.8494332412792,20.5182845286832,21.2132034355964,21.9317121994613,22.6715680975093,23.43074902772,24.2074368738204,16,16.0312195418814,16.1245154965971,16.2788205960997,16.4924225024706,16.7630546142402,17.0880074906351,17.464249196573,17.8885438199983,18.3575597506858,18.8679622641132,19.4164878389476,20,20.6155281280883,21.2602916254693,21.9317121994613,22.6274169979695,23.3452350598575,24.0831891575846,24.8394846967484,17,17.0293863659264,17.1172427686237,17.2626765016321,17.464249196573,17.7200451466693,18.0277563773199,18.3847763108502,18.7882942280559,19.2353840616713,19.723082923316,20.2484567313166,20.8086520466848,21.4009345590327,22.0227155455452,22.6715680975093,23.3452350598575,24.0416305603426,24.7588368062799,25.4950975679639,18,18.0277563773199,18.1107702762748,18.2482875908947,18.4390889145858,18.6815416922694,18.9736659610103,19.313207915828,19.6977156035922,20.1246117974981,20.591260281974,21.095023109729,21.6333076527839,22.2036033111745,22.8035085019828,23.43074902772,24.0831891575846,24.7588368062799,25.4558441227157,26.1725046566048,19,19.0262975904404,19.1049731745428,19.2353840616713,19.4164878389476,19.6468827043885,19.9248588451713,20.2484567313166,20.6155281280883,21.0237960416286,21.4709105535839,21.9544984001001,22.4722050542442,23.0217288664427,23.6008474424119,24.2074368738204,24.8394846967484,25.4950975679639,26.1725046566048,26.8700576850888
1,0,1,2,3,4,5,6,7,8,9,10,11,12,13,14,15,16,17,18,1.4142135623731,1,1.4142135623731,2.23606797749979,3.16227766016838,4.12310562561766,5.09901951359278,6.08276253029822,7.07106781186548,8.06225774829855,9.05538513813742,10.0498756211209,11.0453610171873,12.0415945787923,13.0384048104053,14.0356688476182,15.0332963783729,16.0312195418814,17.0293863659264,18.0277563773199,2.23606797749979,2,2.23606797749979,2.82842712474619,3.60555127546399,4.47213595499958,5.3851648071345,6.32455532033676,7.28010988928052,8.24621125123532,9.21954445729289,10.1980390271856,11.1803398874989,12.1655250605964,13.1529464379659,14.142135623731,15.1327459504216,16.1245154965971,17.1172427686237,18.1107702762748,3.16227766016838,3,3.16227766016838,3.60555127546399,4.24264068711928,5,5.8309518948453,6.70820393249937,7.61577310586391,8.54400374531753,9.48683298050514,10.4403065089106,11.4017542509914,12.369316876853,13.3416640641263,14.3178210632764,15.2970585407784,16.2788205960997,17.2626765016321,18.2482875908947,4.12310562561766,4,4.12310562561766,4.47213595499958,5,5.65685424949238,6.40312423743285,7.21110255092798,8.06225774829855,8.94427190999916,9.8488578017961,10.770329614269,11.7046999107196,12.6491106406735,13.6014705087354,14.560219778561,15.52417469626,16.4924225024706,17.464249196573,18.4390889145858,5.09901951359278,5,5.09901951359278,5.3851648071345,5.8309518948453,6.40312423743285,7.07106781186548,7.81024967590665,8.60232526704263,9.4339811320566,10.295630140987,11.1803398874989,12.0830459735946,13,13.9283882771841,14.8660687473185,15.8113883008419,16.7630546142402,17.7200451466693,18.6815416922694,6.08276253029822,6,6.08276253029822,6.32455532033676,6.70820393249937,7.21110255092798,7.81024967590665,8.48528137423857,9.21954445729289,10,10.816653826392,11.6619037896906,12.5299640861417,13.4164078649987,14.3178210632764,15.2315462117278,16.1554944214035,17.0880074906351,18.0277563773199,18.9736659610103,7.07106781186548,7,7.07106781186548,7.28010988928052,7.61577310586391,8.06225774829855,8.60232526704263,9.21954445729289,9.89949493661167,10.6301458127346,11.4017542509914,12.2065556157337,13.0384048104053,13.8924439894498,14.7648230602334,15.6524758424985,16.5529453572468,17.464249196573,18.3847763108502,19.313207915828,8.06225774829855,8,8.06225774829855,8.24621125123532,8.54400374531753,8.94427190999916,9.4339811320566,10,10.6301458127346,11.3137084989848,12.0415945787923,12.8062484748657,13.6014705087354,14.422205101856,15.2643375224737,16.1245154965971,17,17.8885438199983,18.7882942280559,19.6977156035922,9.05538513813742,9,9.05538513813742,9.21954445729289,9.48683298050514,9.8488578017961,10.295630140987,10.816653826392,11.4017542509914,12.0415945787923,12.7279220613579,13.4536240470737,14.2126704035519,15,15.8113883008419,16.6433169770932,17.4928556845359,18.3575597506858,19.2353840616713,20.1246117974981,10.0498756211209,10,10.0498756211209,10.1980390271856,10.4403065089106,10.770329614269,11.1803398874989,11.6619037896906,12.2065556157337,12.8062484748657,13.4536240470737,14.142135623731,14.8660687473185,15.6204993518133,16.4012194668567,17.2046505340853,18.0277563773199,18.8679622641132,19.723082923316,20.591260281974,11.0453610171873,11,11.0453610171873,11.1803398874989,11.4017542509914,11.7046999107196,12.0830459735946,12.5299640861417,13.0384048104053,13.6014705087354,14.2126704035519,14.8660687473185,15.556349186104,16.2788205960997,17.0293863659264,17.8044938147649,18.6010752377383,19.4164878389476,20.2484567313166,21.095023109729,12.0415945787923,12,12.0415945787923,12.1655250605964,12.369316876853,12.6491106406735,13,13.4164078649987,13.8924439894498,14.422205101856,15,15.6204993518133,16.2788205960997,16.9705627484771,17.6918060129541,18.4390889145858,19.2093727122985,20,20.8086520466848,21.6333076527839,13.0384048104053,13,13.0384048104053,13.1529464379659,13.3416640641263,13.6014705087354,13.9283882771841,14.3178210632764,14.7648230602334,15.2643375224737,15.8113883008419,16.4012194668567,17.0293863659264,17.6918060129541,18.3847763108502,19.1049731745428,19.8494332412792,20.6155281280883,21.4009345590327,22.2036033111745,14.0356688476182,14,14.0356688476182,14.142135623731,14.3178210632764,14.560219778561,14.8660687473185,15.2315462117278,15.6524758424985,16.1245154965971,16.6433169770932,17.2046505340853,17.8044938147649,18.4390889145858,19.1049731745428,19.7989898732233,20.5182845286832,21.2602916254693,22.0227155455452,22.8035085019828,15.0332963783729,15,15.0332963783729,15.1327459504216,15.2970585407784,15.52417469626,15.8113883008419,16.1554944214035,16.5529453572468,17,17.4928556845359,18.0277563773199,18.6010752377383,19.2093727122985,19.8494332412792,20.5182845286832,21.2132034355964,21.9317121994613,22.6715680975093,23.43074902772,16.0312195418814,16,16.0312195418814,16.1245154965971,16.2788205960997,16.4924225024706,16.7630546142402,17.0880074906351,17.464249196573,17.8885438199983,18.3575597506858,18.8679622641132,19.4164878389476,20,20.6155281280883,21.2602916254693,21.9317121994613,22.6274169979695,23.3452350598575,24.0831891575846,17.0293863659264,17,17.0293863659264,17.1172427686237,17.2626765016321,17.464249196573,17.7200451466693,18.0277563773199,18.3847763108502,18.7882942280559,19.2353840616713,19.723082923316,20.2484567313166,20.8086520466848,21.4009345590327,22.0227155455452,22.6715680975093,23.3452350598575,24.0416305603426,24.7588368062799,18.0277563773199,18,18.0277563773199,18.1107702762748,18.2482875908947,18.4390889145858,18.6815416922694,18.9736659610103,19.313207915828,19.6977156035922,20.1246117974981,20.591260281974,21.095023109729,21.6333076527839,22.2036033111745,22.8035085019828,23.43074902772,24.0831891575846,24.7588368062799,25.4558441227157,19.0262975904404,19,19.0262975904404,19.1049731745428,19.2353840616713,19.4164878389476,19.6468827043885,19.9248588451713,20.2484567313166,20.6155281280883,21.0237960416286,21.4709105535839,21.9544984001001,22.4722050542442,23.0217288664427,23.6008474424119,24.2074368738204,24.8394846967484,25.4950975679639,26.1725046566048
2,1,0,1,2,3,4,5,6,7,8,9,10,11,12,13,14,15,16,17,2.23606797749979,1.4142135623731,1,1.4142135623731,2.23606797749979,3.16227766016838,4.12310562561766,5.09901951359278,6.08276253029822,7.07106781186548,8.06225774829855,9.05538513813742,10.0498756211209,11.0453610171873,12.0415945787923,13.0384048104053,14.0356688476182,15.0332963783729,16.0312195418814,17.0293863659264,2.82842712474619,2.23606797749979,2,2.23606797749979,2.82842712474619,3.60555127546399,4.47213595499958,5.3851648071345,6.32455532033676,7.28010988928052,8.24621125123532,9.21954445729289,10.1980390271856,11.1803398874989,12.1655250605964,13.1529464379659,14.142135623731,15.1327459504216,16.1245154965971,17.1172427686237,3.60555127546399,3.16227766016838,3,3.16227766016838,3.60555127546399,4.24264068711928,5,5.8309518948453,6.70820393249937,7.61577310586391,8.54400374531753,9.48683298050514,10.4403065089106,11.4017542509914,12.369316876853,13.3416640641263,14.3178210632764,15.2970585407784,16.2788205960997,17.2626765016321,4.47213595499958,4.12310562561766,4,4.12310562561766,4.47213595499958,5,5.65685424949238,6.40312423743285,7.21110255092798,8.06225774829855,8.94427190999916,9.8488578017961,10.770329614269,11.7046999107196,12.6491106406735,13.6014705087354,14.560219778561,15.52417469626,16.4924225024706,17.464249196573,5.3851648071345,5.09901951359278,5,5.09901951359278,5.3851648071345,5.8309518948453,6.40312423743285,7.07106781186548,7.81024967590665,8.60232526704263,9.4339811320566,10.295630140987,11.1803398874989,12.0830459735946,13,13.9283882771841,14.8660687473185,15.8113883008419,16.7630546142402,17.7200451466693,6.32455532033676,6.08276253029822,6,6.08276253029822,6.32455532033676,6.70820393249937,7.21110255092798,7.81024967590665,8.48528137423857,9.21954445729289,10,10.816653826392,11.6619037896906,12.5299640861417,13.4164078649987,14.3178210632764,15.2315462117278,16.1554944214035,17.0880074906351,18.0277563773199,7.28010988928052,7.07106781186548,7,7.07106781186548,7.28010988928052,7.61577310586391,8.06225774829855,8.60232526704263,9.21954445729289,9.89949493661167,10.6301458127346,11.4017542509914,12.2065556157337,13.0384048104053,13.8924439894498,14.7648230602334,15.6524758424985,16.5529453572468,17.464249196573,18.3847763108502,8.24621125123532,8.06225774829855,8,8.06225774829855,8.24621125123532,8.54400374531753,8.94427190999916,9.4339811320566,10,10.6301458127346,11.3137084989848,12.0415945787923,12.8062484748657,13.6014705087354,14.422205101856,15.2643375224737,16.1245154965971,17,17.8885438199983,18.7882942280559,9.21954445729289,9.05538513813742,9,9.05538513813742,9.21954445729289,9.48683298050514,9.8488578017961,10.295630140987,10.816653826392,11.4017542509914,12.0415945787923,12.7279220613579,13.4536240470737,14.2126704035519,15,15.8113883008419,16.6433169770932,17.4928556845359,18.3575597506858,19.2353840616713,10.1980390271856,10.0498756211209,10,10.0498756211209,10.1980390271856,10.4403065089106,10.770329614269,11.1803398874989,11.6619037896906,12.2065556157337,12.8062484748657,13.4536240470737,14.142135623731,14.8660687473185,15.6204993518133,16.4012194668567,17.2046505340853,18.0277563773199,18.8679622641132,19.723082923316,11.1803398874989,11.0453610171873,11,11.0453610171873,11.1803398874989,11.4017542509914,11.7046999107196,12.0830459735946,12.5299640861417,13.0384048104053,13.6014705087354,14.2126704035519,14.8660687473185,15.556349186104,16.2788205960997,17.0293863659264,17.8044938147649,18.6010752377383,19.4164878389476,20.2484567313166,12.1655250605964,12.0415945787923,12,12.0415945787923,12.1655250605964,12.369316876853,12.6491106406735,13,13.4164078649987,13.8924439894498,14.422205101856,15,15.6204993518133,16.2788205960997,16.9705627484771,17.6918060129541,18.4390889145858,19.2093727122985,20,20.8086520466848,13.1529464379659,13.0384048104053,13,13.0384048104053,13.1529464379659,13.3416640641263,13.6014705087354,13.9283882771841,14.3178210632764,14.7648230602334,15.2643375224737,15.8113883008419,16.4012194668567,17.0293863659264,17.6918060129541,18.3847763108502,19.1049731745428,19.8494332412792,20.6155281280883,21.4009345590327,14.142135623731,14.0356688476182,14,14.0356688476182,14.142135623731,14.3178210632764,14.560219778561,14.8660687473185,15.2315462117278,15.6524758424985,16.1245154965971,16.6433169770932,17.2046505340853,17.8044938147649,18.4390889145858,19.1049731745428,19.7989898732233,20.5182845286832,21.2602916254693,22.0227155455452,15.1327459504216,15.0332963783729,15,15.0332963783729,15.1327459504216,15.2970585407784,15.52417469626,15.8113883008419,16.1554944214035,16.5529453572468,17,17.4928556845359,18.0277563773199,18.6010752377383,19.2093727122985,19.8494332412792,20.5182845286832,21.2132034355964,21.9317121994613,22.6715680975093,16.1245154965971,16.0312195418814,16,16.0312195418814,16.1245154965971,16.2788205960997,16.4924225024706,16.7630546142402,17.0880074906351,17.464249196573,17.8885438199983,18.3575597506858,18.8679622641132,19.4164878389476,20,20.6155281280883,21.2602916254693,21.9317121994613,22.6274169979695,23.3452350598575,17.1172427686237,17.0293863659264,17,17.0293863659264,17.1172427686237,17.2626765016321,17.464249196573,17.7200451466693,18.0277563773199,18.3847763108502,18.7882942280559,19.2353840616713,19.723082923316,20.2484567313166,20.8086520466848,21.4009345590327,22.0227155455452,22.6715680975093,23.3452350598575,24.0416305603426,18.1107702762748,18.0277563773199,18,18.0277563773199,18.1107702762748,18.2482875908947,18.4390889145858,18.6815416922694,18.9736659610103,19.313207915828,19.6977156035922,20.1246117974981,20.591260281974,21.095023109729,21.6333076527839,22.2036033111745,22.8035085019828,23.43074902772,24.0831891575846,24.7588368062799,19.1049731745428,19.0262975904404,19,19.0262975904404,19.1049731745428,19.2353840616713,19.4164878389476,19.6468827043885,19.9248588451713,20.2484567313166,20.6155281280883,21.0237960416286,21.4709105535839,21.9544984001001,22.4722050542442,23.0217288664427,23.6008474424119,24.2074368738204,24.8394846967484,25.4950975679639
3,2,1,0,1,2,3,4,5,6,7,8,9,10,11,12,13,14,15,16,3.16227766016838,2.23606797749979,1.4142135623731,1,1.4142135623731,2.23606797749979,3.16227766016838,4.12310562561766,5.09901951359278,6.08276253029822,7.07106781186548,8.06225774829855,9.05538513813742,10.0498756211209,11.0453610171873,12.0415945787923,13.0384048104053,14.0356688476182,15.0332963783729,16.0312195418814,3.60555127546399,2.82842712474619,2.23606797749979,2,2.23606797749979,2.82842712474619,3.60555127546399,4.47213595499958,5.3851648071345,6.32455532033676,7.28010988928052,8.24621125123532,9.21954445729289,10.1980390271856,11.1803398874989,12.1655250605964,13.1529464379659,14.142135623731,15.1327459504216,16.1245154965971,4.24264068711928,3.60555127546399,3.16227766016838,3,3.16227766016838,3.60555127546399,4.24264068711928,5,5.8309518948453,6.70820393249937,7.61577310586391,8.54400374531753,9.48683298050514,10.4403065089106,11.4017542509914,12.369316876853,13.3416640641263,14.3178210632764,15.2970585407784,16.2788205960997,5,4.47213595499958,4.12310562561766,4,4.12310562561766,4.47213595499958,5,5.65685424949238,6.40312423743285,7.21110255092798,8.06225774829855,8.94427190999916,9.8488578017961,10.770329614269,11.7046999107196,12.6491106406735,13.6014705087354,14.560219778561,15.52417469626,16.4924225024706,5.8309518948453,5.3851648071345,5.09901951359278,5,5.09901951359278,5.3851648071345,5.8309518948453,6.40312423743285,7.07106781186548,7.81024967590665,8.60232526704263,9.4339811320566,10.295630140987,11.1803398874989,12.0830459735946,13,13.9283882771841,14.8660687473185,15.8113883008419,16.7630546142402,6.70820393249937,6.32455532033676,6.08276253029822,6,6.08276253029822,6.32455532033676,6.70820393249937,7.21110255092798,7.81024967590665,8.48528137423857,9.21954445729289,10,10.816653826392,11.6619037896906,12.5299640861417,13.4164078649987,14.3178210632764,15.2315462117278,16.1554944214035,17.0880074906351,7.61577310586391,7.28010988928052,7.07106781186548,7,7.07106781186548,7.28010988928052,7.61577310586391,8.06225774829855,8.60232526704263,9.21954445729289,9.89949493661167,10.6301458127346,11.4017542509914,12.2065556157337,13.0384048104053,13.8924439894498,14.7648230602334,15.6524758424985,16.5529453572468,17.464249196573,8.54400374531753,8.24621125123532,8.06225774829855,8,8.06225774829855,8.24621125123532,8.54400374531753,8.94427190999916,9.4339811320566,10,10.6301458127346,11.3137084989848,12.0415945787923,12.8062484748657,13.6014705087354,14.422205101856,15.2643375224737,16.1245154965971,17,17.8885438199983,9.48683298050514,9.21954445729289,9.05538513813742,9,9.05538513813742,9.21954445729289,9.48683298050514,9.8488578017961,10.295630140987,10.816653826392,11.4017542509914,12.0415945787923,12.7279220613579,13.4536240470737,14.2126704035519,15,15.8113883008419,16.6433169770932,17.4928556845359,18.3575597506858,10.4403065089106,10.1980390271856,10.0498756211209,10,10.0498756211209,10.1980390271856,10.4403065089106,10.770329614269,11.1803398874989,11.6619037896906,12.2065556157337,12.8062484748657,13.4536240470737,14.142135623731,14.8660687473185,15.6204993518133,16.4012194668567,17.2046505340853,18.0277563773199,18.8679622641132,11.4017542509914,11.1803398874989,11.0453610171873,11,11.0453610171873,11.1803398874989,11.4017542509914,11.7046999107196,12.0830459735946,12.5299640861417,13.0384048104053,13.6014705087354,14.2126704035519,14.8660687473185,15.556349186104,16.2788205960997,17.0293863659264,17.8044938147649,18.6010752377383,19.4164878389476,12.369316876853,12.1655250605964,12.0415945787923,12,12.0415945787923,12.1655250605964,12.369316876853,12.6491106406735,13,13.4164078649987,13.8924439894498,14.422205101856,15,15.6204993518133,16.2788205960997,16.9705627484771,17.6918060129541,18.4390889145858,19.2093727122985,20,13.3416640641263,13.1529464379659,13.0384048104053,13,13.0384048104053,13.1529464379659,13.3416640641263,13.6014705087354,13.9283882771841,14.3178210632764,14.7648230602334,15.2643375224737,15.8113883008419,16.4012194668567,17.0293863659264,17.6918060129541,18.3847763108502,19.1049731745428,19.8494332412792,20.6155281280883,14.3178210632764,14.142135623731,14.0356688476182,14,14.0356688476182,14.142135623731,14.3178210632764,14.560219778561,14.8660687473185,15.2315462117278,15.6524758424985,16.1245154965971,16.6433169770932,17.2046505340853,17.8044938147649,18.4390889145858,19.1049731745428,19.7989898732233,20.5182845286832,21.2602916254693,15.2970585407784,15.1327459504216,15.0332963783729,15,15.0332963783729,15.1327459504216,15.2970585407784,15.52417469626,15.8113883008419,16.1554944214035,16.5529453572468,17,17.4928556845359,18.0277563773199,18.6010752377383,19.2093727122985,19.8494332412792,20.5182845286832,21.2132034355964,21.9317121994613,16.2788205960997,16.1245154965971,16.0312195418814,16,16.0312195418814,16.1245154965971,16.2788205960997,16.4924225024706,16.7630546142402,17.0880074906351,17.464249196573,17.8885438199983,18.3575597506858,18.8679622641132,19.4164878389476,20,20.6155281280883,21.2602916254693,21.9317121994613,22.6274169979695,17.2626765016321,17.1172427686237,17.0293863659264,17,17.0293863659264,17.1172427686237,17.2626765016321,17.464249196573,17.7200451466693,18.0277563773199,18.3847763108502,18.7882942280559,19.2353840616713,19.723082923316,20.2484567313166,20.8086520466848,21.4009345590327,22.0227155455452,22.6715680975093,23.3452350598575,18.2482875908947,18.1107702762748,18.0277563773199,18,18.0277563773199,18.1107702762748,18.2482875908947,18.4390889145858,18.6815416922694,18.9736659610103,19.313207915828,19.6977156035922,20.1246117974981,20.591260281974,21.095023109729,21.6333076527839,22.2036033111745,22.8035085019828,23.43074902772,24.0831891575846,19.2353840616713,19.1049731745428,19.0262975904404,19,19.0262975904404,19.1049731745428,19.2353840616713,19.4164878389476,19.6468827043885,19.9248588451713,20.2484567313166,20.6155281280883,21.0237960416286,21.4709105535839,21.9544984001001,22.4722050542442,23.0217288664427,23.6008474424119,24.2074368738204,24.8394846967484
4,3,2,1,0,1,2,3,4,5,6,7,8,9,10,11,12,13,14,15,4.12310562561766,3.16227766016838,2.23606797749979,1.4142135623731,1,1.4142135623731,2.23606797749979,3.16227766016838,4.12310562561766,5.09901951359278,6.08276253029822,7.07106781186548,8.06225774829855,9.05538513813742,10.0498756211209,11.0453610171873,12.0415945787923,13.0384048104053,14.0356688476182,15.0332963783729,4.47213595499958,3.60555127546399,2.82842712474619,2.23606797749979,2,2.23606797749979,2.82842712474619,3.60555127546399,4.47213595499958,5.3851648071345,6.32455532033676,7.28010988928052,8.24621125123532,9.21954445729289,10.1980390271856,11.1803398874989,12.1655250605964,13.1529464379659,14.142135623731,15.1327459504216,5,4.24264068711928,3.60555127546399,3.16227766016838,3,3.16227766016838,3.60555127546399,4.24264068711928,5,5.8309518948453,6.70820393249937,7.61577310586391,8.54400374531753,9.48683298050514,10.4403065089106,11.4017542509914,12.369316876853,13.3416640641263,14.3178210632764,15.2970585407784,5.65685424949238,5,4.47213595499958,4.12310562561766,4,4.12310562561766,4.47213595499958,5,5.65685424949238,6.40312423743285,7.21110255092798,8.06225774829855,8.94427190999916,9.8488578017961,10.770329614269,11.7046999107196,12.6491106406735,13.6014705087354,14.560219778561,15.52417469626,6.40312423743285,5.8309518948453,5.3851648071345,5.09901951359278,5,5.09901951359278,5.3851648071345,5.8309518948453,6.40312423743285,7.07106781186548,7.81024967590665,8.60232526704263,9.4339811320566,10.295630140987,11.1803398874989,12.0830459735946,13,13.9283882771841,14.8660687473185,15.8113883008419,7.21110255092798,6.70820393249937,6.32455532033676,6.08276253029822,6,6.08276253029822,6.32455532033676,6.70820393249937,7.21110255092798,7.81024967590665,8.48528137423857,9.21954445729289,10,10.816653826392,11.6619037896906,12.5299640861417,13.4164078649987,14.3178210632764,15.2315462117278,16.1554944214035,8.06225774829855,7.61577310586391,7.28010988928052,7.07106781186548,7,7.07106781186548,7.28010988928052,7.61577310586391,8.06225774829855,8.60232526704263,9.21954445729289,9.89949493661167,10.6301458127346,11.4017542509914,12.2065556157337,13.0384048104053,13.8924439894498,14.7648230602334,15.6524758424985,16.5529453572468,8.94427190999916,8.54400374531753,8.24621125123532,8.06225774829855,8,8.06225774829855,8.24621125123532,8.54400374531753,8.94427190999916,9.4339811320566,10,10.6301458127346,11.3137084989848,12.0415945787923,12.8062484748657,13.6014705087354,14.422205101856,15.2643375224737,16.1245154965971,17,9.8488578017961,9.48683298050514,9.21954445729289,9.05538513813742,9,9.05538513813742,9.21954445729289,9.48683298050514,9.8488578017961,10.295630140987,10.816653826392,11.4017542509914,12.0415945787923,12.7279220613579,13.4536240470737,14.2126704035519,15,15.8113883008419,16.6433169770932,17.4928556845359,10.770329614269,10.4403065089106,10.1980390271856,10.0498756211209,10,10.0498756211209,10.1980390271856,10.4403065089106,10.770329614269,11.1803398874989,11.6619037896906,12.2065556157337,12.8062484748657,13.4536240470737,14.142135623731,14.8660687473185,15.6204993518133,16.4012194668567,17.2046505340853,18.0277563773199,11.7046999107196,11.4017542509914,11.1803398874989,11.0453610171873,11,11.0453610171873,11.1803398874989,11.4017542509914,11.7046999107196,12.0830459735946,12.5299640861417,13.0384048104053,13.6014705087354,14.2126704035519,14.8660687473185,15.556349186104,16.2788205960997,17.0293863659264,17.8044938147649,18.6010752377383,12.6491106406735,12.369316876853,12.1655250605964,12.0415945787923,12,12.0415945787923,12.1655250605964,12.369316876853,12.6491106406735,13,13.4164078649987,13.8924439894498,14.422205101856,15,15.6204993518133,16.2788205960997,16.9705627484771,17.6918060129541,18.4390889145858,19.2093727122985,13.6014705087354,13.3416640641263,13.1529464379659,13.0384048104053,13,13.0384048104053,13.1529464379659,13.3416640641263,13.6014705087354,13.9283882771841,14.3178210632764,14.7648230602334,15.2643375224737,15.8113883008419,16.4012194668567,17.0293863659264,17.6918060129541,18.3847763108502,19.1049731745428,19.8494332412792,14.560219778561,14.3178210632764,14.142135623731,14.0356688476182,14,14.0356688476182,14.142135623731,14.3178210632764,14.560219778561,14.8660687473185,15.2315462117278,15.6524758424985,16.1245154965971,16.6433169770932,17.2046505340853,17.8044938147649,18.4390889145858,19.1049731745428,19.7989898732233,20.5182845286832,15.52417469626,15.2970585407784,15.1327459504216,15.0332963783729,15,15.0332963783729,15.1327459504216,15.2970585407784,15.52417469626,15.8113883008419,16.1554944214035,16.5529453572468,17,17.4928556845359,18.0277563773199,18.6010752377383,19.2093727122985,19.8494332412792,20.5182845286832,21.2132034355964,16.4924225024706,16.2788205960997,16.1245154965971,16.0312195418814,16,16.0312195418814,16.1245154965971,16.2788205960997,16.4924225024706,16.7630546142402,17.0880074906351,17.464249196573,17.8885438199983,18.3575597506858,18.8679622641132,19.4164878389476,20,20.6155281280883,21.2602916254693,21.9317121994613,17.464249196573,17.2626765016321,17.1172427686237,17.0293863659264,17,17.0293863659264,17.1172427686237,17.2626765016321,17.464249196573,17.7200451466693,18.0277563773199,18.3847763108502,18.7882942280559,19.2353840616713,19.723082923316,20.2484567313166,20.8086520466848,21.4009345590327,22.0227155455452,22.6715680975093,18.4390889145858,18.2482875908947,18.1107702762748,18.0277563773199,18,18.0277563773199,18.1107702762748,18.2482875908947,18.4390889145858,18.6815416922694,18.9736659610103,19.313207915828,19.6977156035922,20.1246117974981,20.591260281974,21.095023109729,21.6333076527839,22.2036033111745,22.8035085019828,23.43074902772,19.4164878389476,19.2353840616713,19.1049731745428,19.0262975904404,19,19.0262975904404,19.1049731745428,19.2353840616713,19.4164878389476,19.6468827043885,19.9248588451713,20.2484567313166,20.6155281280883,21.0237960416286,21.4709105535839,21.9544984001001,22.4722050542442,23.0217288664427,23.6008474424119,24.2074368738204
5,4,3,2,1,0,1,2,3,4,5,6,7,8,9,10,11,12,13,14,5.09901951359278,4.12310562561766,3.16227766016838,2.23606797749979,1.4142135623731,1,1.4142135623731,2.23606797749979,3.16227766016838,4.12310562561766,5.09901951359278,6.08276253029822,7.07106781186548,8.06225774829855,9.05538513813742,10.0498756211209,11.0453610171873,12.0415945787923,13.0384048104053,14.0356688476182,5.3851648071345,4.47213595499958,3.60555127546399,2.82842712474619,2.23606797749979,2,2.23606797749979,2.82842712474619,3.60555127546399,4.47213595499958,5.3851648071345,6.32455532033676,7.28010988928052,8.24621125123532,9.21954445729289,10.1980390271856,11.1803398874989,12.1655250605964,13.1529464379659,14.142135623731,5.8309518948453,5,4.24264068711928,3.60555127546399,3.16227766016838,3,3.16227766016838,3.60555127546399,4.24264068711928,5,5.8309518948453,6.70820393249937,7.61577310586391,8.54400374531753,9.48683298050514,10.4403065089106,11.4017542509914,12.369316876853,13.3416640641263,14.3178210632764,6.40312423743285,5.65685424949238,5,4.47213595499958,4.12310562561766,4,4.12310562561766,4.47213595499958,5,5.65685424949238,6.40312423743285,7.21110255092798,8.06225774829855,8.94427190999916,9.8488578017961,10.770329614269,11.7046999107196,12.6491106406735,13.6014705087354,14.560219778561,7.07106781186548,6.40312423743285,5.8309518948453,5.3851648071345,5.09901951359278,5,5.09901951359278,5.3851648071345,5.8309518948453,6.40312423743285,7.07106781186548,7.81024967590665,8.60232526704263,9.4339811320566,10.295630140987,11.1803398874989,12.0830459735946,13,13.9283882771841,14.8660687473185,7.81024967590665,7.21110255092798,6.70820393249937,6.32455532033676,6.08276253029822,6,6.08276253029822,6.32455532033676,6.70820393249937,7.21110255092798,7.81024967590665,8.48528137423857,9.21954445729289,10,10.816653826392,11.6619037896906,12.5299640861417,13.4164078649987,14.3178210632764,15.2315462117278,8.60232526704263,8.06225774829855,7.61577310586391,7.28010988928052,7.07106781186548,7,7.07106781186548,7.28010988928052,7.61577310586391,8.06225774829855,8.60232526704263,9.21954445729289,9.89949493661167,10.6301458127346,11.4017542509914,12.2065556157337,13.0384048104053,13.8924439894498,14.7648230602334,15.6524758424985,9.4339811320566,8.94427190999916,8.54400374531753,8.24621125123532,8.06225774829855,8,8.06225774829855,8.24621125123532,8.54400374531753,8.94427190999916,9.4339811320566,10,10.6301458127346,11.3137084989848,12.0415945787923,12.8062484748657,13.6014705087354,14.422205101856,15.2643375224737,16.1245154965971,10.295630140987,9.8488578017961,9.48683298050514,9.21954445729289,9.05538513813742,9,9.05538513813742,9.21954445729289,9.48683298050514,9.8488578017961,10.295630140987,10.816653826392,11.4017542509914,12.0415945787923,12.7279220613579,13.4536240470737,14.2126704035519,15,15.8113883008419,16.6433169770932,11.1803398874989,10.770329614269,10.4403065089106,10.1980390271856,10.0498756211209,10,10.0498756211209,10.1980390271856,10.4403065089106,10.770329614269,11.1803398874989,11.6619037896906,12.2065556157337,12.8062484748657,13.4536240470737,14.142135623731,14.8660687473185,15.6204993518133,16.4012194668567,17.2046505340853,12.0830459735946,11.7046999107196,11.4017542509914,11.1803398874989,11.0453610171873,11,11.0453610171873,11.1803398874989,11.4017542509914,11.7046999107196,12.0830459735946,12.5299640861417,13.0384048104053,13.6014705087354,14.2126704035519,14.8660687473185,15.556349186104,16.2788205960997,17.0293863659264,17.8044938147649,13,12.6491106406735,12.369316876853,12.1655250605964,12.0415945787923,12,12.0415945787923,12.1655250605964,12.369316876853,12.6491106406735,13,13.4164078649987,13.8924439894498,14.422205101856,15,15.6204993518133,16.2788205960997,16.9705627484771,17.6918060129541,18.4390889145858,13.9283882771841,13.6014705087354,13.3416640641263,13.1529464379659,13.0384048104053,13,13.0384048104053,13.1529464379659,13.3416640641263,13.6014705087354,13.9283882771841,14.3178210632764,14.7648230602334,15.2643375224737,15.8113883008419,16.4012194668567,17.0293863659264,17.6918060129541,18.3847763108502,19.1049731745428,14.8660687473185,14.560219778561,14.3178210632764,14.142135623731,14.0356688476182,14,14.0356688476182,14.142135623731,14.3178210632764,14.560219778561,14.8660687473185,15.2315462117278,15.6524758424985,16.1245154965971,16.6433169770932,17.2046505340853,17.8044938147649,18.4390889145858,19.1049731745428,19.7989898732233,15.8113883008419,15.52417469626,15.2970585407784,15.1327459504216,15.0332963783729,15,15.0332963783729,15.1327459504216,15.2970585407784,15.52417469626,15.8113883008419,16.1554944214035,16.5529453572468,17,17.4928556845359,18.0277563773199,18.6010752377383,19.2093727122985,19.8494332412792,20.5182845286832,16.7630546142402,16.4924225024706,16.2788205960997,16.1245154965971,16.0312195418814,16,16.0312195418814,16.1245154965971,16.2788205960997,16.4924225024706,16.7630546142402,17.0880074906351,17.464249196573,17.8885438199983,18.3575597506858,18.8679622641132,19.4164878389476,20,20.6155281280883,21.2602916254693,17.7200451466693,17.464249196573,17.2626765016321,17.1172427686237,17.0293863659264,17,17.0293863659264,17.1172427686237,17.2626765016321,17.464249196573,17.7200451466693,18.0277563773199,18.3847763108502,18.7882942280559,19.2353840616713,19.723082923316,20.2484567313166,20.8086520466848,21.4009345590327,22.0227155455452,18.6815416922694,18.4390889145858,18.2482875908947,18.1107702762748,18.0277563773199,18,18.0277563773199,18.1107702762748,18.2482875908947,18.4390889145858,18.6815416922694,18.9736659610103,19.313207915828,19.6977156035922,20.1246117974981,20.591260281974,21.095023109729,21.6333076527839,22.2036033111745,22.8035085019828,19.6468827043885,19.4164878389476,19.2353840616713,19.1049731745428,19.0262975904404,19,19.0262975904404,19.1049731745428,19.2353840616713,19.4164878389476,19.6468827043885,19.9248588451713,20.2484567313166,20.6155281280883,21.0237960416286,21.4709105535839,21.9544984001001,22.4722050542442,23.0217288664427,23.6008474424119
